1,wwnje
2,admin
3,orvnge
4,4
5,5
6,6
7,7
8,8
9,122
10,222
11,1234
12,12134324
13,12421
14,123654
15,233
17,hhh
18,none
19,orvnge
20,a
23,Eres
24,Prometheus
25,
26,123456
27,1234567
28,12345678
29,qfshdhhh
30,t
31,ehehueh
32,cycy
33,cufivi
34,vuvucu
